1175.0387368787106 374.4139166052775 51.074710535782515 14.455899807632022
1267.0936494957705 374.9417365130454 25.812701008459044 22.61631867046748
-658.5639668006097 404.19745032423 207.65640835399233 47.43005770305001
1166.4385455902755 373.6836940939631 56.83006955617202 15.314022038150483
-24491.84459502836 886.2272769641211 31982.768736264574 917.8119437397348
1268.5345674373636 388.2025553199886 22.930865125272703 28.541563391290026
1013.7226559077501 388.25962083051246 107.8793154253209 29.91849369962688
445.1877051309036 387.83645173042976 96.03669887878033 29.43857142095726
1193.1326981454295 374.04358206611084 44.043152340545475 13.738153144481203
636.0576104841579 386.2995951045459 86.58657643196398 39.78932921946881
-16624.456909244116 710.0331545395911 18869.77825854238 613.6385842206721
252.2108341036426 387.0588762606902 96.5352551302862 25.478566373054434
341.74601788579844 474.79011577989934 360.63517158404005 248.7561882588049
989.7263612203134 390.87631709631444 87.66842542823292 30.022343854682447
-1260.760090381987 401.4206634272077 281.38104505631895 45.433984901646
5444.101972522656 516.2931437071719 3105.1360111027757 216.06414656116687
-412.1781296835436 393.38914913958763 172.32878819366232 49.29151865532896
1537.906398418917 406.42866206157584 224.58050589883806 52.578567739258006
1033.5289964120036 409.84077214969807 167.58731177549487 41.24186531202673
66.56897852744649 401.05264366959716 133.13795705489298 36.23123578666616
-381.64861835909596 378.6653600746655 165.3126041117855 41.51425387594219
372.44580906043495 390.5868494712473 110.0373410243875 32.56714912002343
672.3378599440574 387.79342992759194 69.6073288115058 28.883826780808363
2.350538469329631 405.93711092299185 4.701076938659262 45.77287244691502
1268.3522622229152 376.31671637426547 23.295475554169798 16.959769741677178
-940.3141844730751 397.1138740784813 222.38533175664224 38.56103997563491
1257.8343925378504 374.796870331876 44.3312149242995 18.490834824757997
1040.961592906551 402.0805338109912 163.8351533712895 38.09959614412196
8285.795422561332 608.3130606655634 6915.20235217767 382.4791451875532
1257.2582203736106 374.73383799773893 45.48355925277883 15.081312199260879
-533.979175272672 374.5475569899089 171.3842151314596 47.971922015320786
1471.2076788041068 393.3063732962852 158.79925992854191 49.1256601217205
